version https://git-lfs.github.com/spec/v1
oid sha256:320367a06ef22a328c162e4e3bb2e9f1f1079f967dce817c8a44bcf599f0727e
size 1226
