version https://git-lfs.github.com/spec/v1
oid sha256:4544f5ceffc23ff6565b31b07cf023c26e9554a61fba1a7f1174c0ff9b7d2b25
size 16277
